키워드                        PC     모바일      합계  경쟁
초복                    228,9001,774,3002,003,200  높음
냉면                     14,000 195,700 209,700  중간
여수맛집                   20,600 152,600 173,200  높음
가지볶음                    5,930 157,500 163,430  중간
칼국수                     8,340 145,600 153,940  중간
돈까스                    10,800 138,600 149,400  중간
가지요리                    9,920 135,100 145,020  높음
제육볶음레시피                 5,530 129,200 134,730  높음
감자탕                     6,880 120,300 127,180  중간
횟집                      4,080 118,900 122,980  중간
족발                      8,400 110,900 119,300  중간
음식점                    11,600 105,300 116,900  높음
쌀국수                     9,150 102,800 111,950  높음
콩국수                     8,780 101,300 110,080  중간
영종도맛집                  10,200  97,800 108,000  높음
엽떡                      8,860  96,800 105,660  낮음
서면맛집                   10,300  94,400 104,700  높음
밀면                      5,800  98,300 104,100  높음
떡볶이                     8,720  95,200 103,920  중간
햄버거                     9,310  91,600 100,910  중간
막국수                     5,060  94,900  99,960  높음
고구마줄기볶음                 2,180  96,500  98,680  중간
콩나물국밥                   3,520  91,600  95,120  중간
원주맛집                    9,050  83,700  92,750  높음
돼지고기김치찌개                3,440  87,100  90,540  높음
갈비탕                     7,280  81,100  88,380  중간
오이지무침                   2,550  85,400  87,950  높음
짬뽕                      5,250  81,300  86,550  중간
된장찌개레시피                 4,660  81,700  86,360  높음
콩나물무침                   2,710  81,800  84,510  중간
광주맛집                   10,300  72,300  82,600  높음
순두부찌개                   4,740  77,000  81,740  높음
마키노차야                   7,680  74,000  81,680  중간
오징어볶음                   3,430  77,500  80,930  높음
닭볶음탕레시피                 3,730  75,900  79,630  높음
해장국                     3,110  75,900  79,010  중간
애호박볶음                   2,320  71,800  74,120  중간
김치찌개                    6,540  66,900  73,440  중간
포천가볼만한곳                 5,420  65,400  70,820  높음
물회                      4,490  65,500  69,990  높음
